30444
30591
30595
30599
30603
30607
30611
30614
30617
30620
30623
30626
30629
30633
30657
30661
30665
30669
30673
30677
30681
30692
30696
30700
30704
30707
30710
30713
30719
30727
30731
30735
30739
30743
30759
30831
30845
30848
30852
30856
30860
30868
30872
30876
30880
30884
30888
30892
30900
30904
30907
30919
30922
30977
31091
31097
31106
31112
31115
31126
31130
31146
31154
31162
31224
31227
31365
31432
31435
31438
31442
31446
31450
31454
31458
31473
31477
31480
31487
31490
31494
31526
31529
31532
31564
31568
31572
31576
31643
31646
31652
31655
31664
31749
31752
31755
31758
31761
31764
31896
31934
31938
31942
31946
31950
31958
31965
32084
32105
32126
32133
32141
32145
32149
32154
32183
32247
32248
32252
32260
32264
32268
32272
32276
32280
32284
32288
32292
32296
32300
32304
32308
32312
32316
32320
32324
32328
32332
32336
32340
32344
32348
32352
32356
32360
32464
32468
32472
32476
32484
32488
32492
32496
32500
32504
32508
32512
32516
32520
32524
32528
32532
32586
32607
32615
32618
32650
32664
32744
32748
32752
32756
32760
32764
32800
32804
32808
32812
32816
32820
32824
32828
32904
32907
32910
33044
31447
32127
32587
30427
30430
30433
30436
30439
30445
30448
30451
30454
30457
30503
30506
30509
30576
30579
30582
30612
30615
30618
30621
30624
30627
30693
30705
30708
30711
30714
30721
30728
30736
30832
30846
30877
30902
30905
30908
30920
30923
30978
31092
31098
31107
31113
31116
31127
31225
31228
31366
31433
31436
31440
31448
31455
31474
31478
31481
31488
31491
31495
31527
31530
31533
31565
31569
31573
31577
31644
31647
31653
31656
31665
31750
31753
31756
31759
31762
31765
31897
31935
31939
31943
31947
31951
31959
32085
32128
32134
32142
32146
32150
32155
32249
32253
32257
32261
32265
32269
32273
32277
32281
32285
32289
32293
32297
32301
32305
32309
32313
32317
32321
32325
32329
32333
32337
32341
32345
32349
32353
32357
32361
32465
32469
32473
32477
32481
32485
32489
32493
32501
32505
32509
32517
32521
32525
32529
32533
32588
32603
32608
32616
32619
32745
32749
32753
32757
32761
32765
32801
32805
32809
32813
32817
32821
32825
32829
32905
32908
32911
33045
30694
30698
30702
30729
30733
30737
30741
30745
30761
30850
30854
30858
30862
30870
30874
30878
30882
30886
30890
30894
31128
31132
31148
31156
31164
31229
31359
31367
31390
31393
31401
31404
31444
31449
31452
31456
31460
31482
31492
31496
31534
31566
31570
31574
31581
31584
31751
31754
31773
31777
31785
31835
31840
31843
31846
31898
31936
31940
31944
31948
31952
31960
32043
32086
32135
32143
32147
32151
32250
32258
32262
32266
32270
32274
32278
32282
32286
32290
32294
32298
32302
32306
32310
32314
32318
32322
32326
32330
32334
32338
32342
32346
32350
32354
32358
32362
32466
32470
32474
32478
32482
32486
32490
32494
32502
32506
32510
32518
32522
32526
32530
32534
32604
32609
32746
32750
32754
32758
32762
32766
32802
32806
32810
32814
32818
32822
32826
32830
32906
32909
32912